lobby_id: '#1'
npc:
  "\xb4":
    location:
      x: 902.2898610159591
      y: 12.1875
      z: 257.98540493525115
      yaw: 192.45001
      pitch: 8.85
  pvp:
    location:
      x: 902.2898610159591
      y: 12.1875
      z: 257.98540493525115
      yaw: 192.45001
      pitch: 8.85
