lobby_id: '#1'
npc:
  skywars\:
    location:
      x: -15.805441070650405
      y: 69.0
      z: -2.398641031571297
      yaw: 250.15002
      pitch: 89.25
  skywars:
    location:
      x: -15.781475172107196
      y: 69.0
      z: -2.404227953631432
      yaw: 250.15002
      pitch: 89.25
